service_id,monday,tuesday,wednesday,thursday,friday,saturday,sunday,start_date,end_date
15037,1,1,1,1,1,0,0,20190902,20200901
13616,0,0,0,0,0,1,1,20190302,20200901
14988,0,0,0,0,0,1,1,20190907,20200901
14987,0,0,0,0,0,1,1,20190907,20200901
14968,1,1,1,1,1,0,0,20190902,20200901
14970,1,1,1,1,1,0,0,20190902,20200901
13500,1,1,1,1,1,0,0,20190304,20200901
13787,0,0,0,0,0,1,1,20181013,20200901
13501,1,1,1,1,1,0,0,20190304,20200901
13502,1,1,1,1,1,0,0,20190304,20200901
13549,0,0,0,0,0,1,1,20190302,20200901
13503,1,1,1,1,1,0,0,20190304,20200901
13579,1,1,1,1,1,0,0,20190304,20200901
13617,0,0,0,0,0,1,1,20190302,20200901
13606,1,1,1,1,1,0,0,20190304,20200901
13630,0,0,0,0,0,1,1,20180303,20200901
13504,1,1,1,1,1,0,0,20190304,20200901
13505,0,0,0,0,0,1,1,20190302,20200901
14704,1,1,1,1,1,0,0,20190304,20200901
13551,0,0,0,0,0,1,1,20190302,20200901
14873,1,1,1,1,1,0,0,20190902,20200901
14874,1,1,1,1,1,0,0,20190902,20200901
14491,0,0,0,0,0,1,1,20190302,20200901
13527,1,1,1,1,1,0,0,20190304,20200901
13555,0,0,0,0,0,1,1,20190302,20200901
14992,0,0,0,0,0,1,1,20190907,20200901
14989,1,1,1,1,1,0,0,20190902,20200901
7109,0,0,0,0,0,1,1,20150606,20200901
13540,1,1,1,1,1,0,0,20190304,20200901
13541,0,0,0,0,0,1,1,20190302,20200901
13608,1,1,1,1,1,0,0,20190304,20200901
13573,0,0,0,0,0,1,1,20170623,20200901
15040,0,0,0,0,0,1,1,20190907,20200901
13609,1,1,1,1,1,0,0,20190304,20200901
13610,1,1,1,1,1,0,0,20190304,20200901
13622,0,0,0,0,0,1,1,20180127,20200901
10659,0,0,0,0,0,1,1,20170902,20200901
10657,1,1,1,1,1,0,0,20170901,20200901
7835,1,1,1,1,1,0,0,20151012,20200901
7836,0,0,0,0,0,1,1,20151011,20200901
13518,1,1,1,1,1,0,0,20190304,20200901
13556,0,0,0,0,0,1,1,20190302,20200901
7682,0,0,0,0,0,1,1,20150905,20200901
7669,1,1,1,1,1,0,0,20150901,20200901
13511,1,1,1,1,1,0,0,20190902,20200901
13513,0,0,0,0,0,1,1,20190302,20200901
13514,0,0,0,0,0,1,1,20190302,20200901
15038,1,1,1,1,1,0,0,20190902,20200901
8000,0,0,0,0,0,1,1,20151224,20200901
13512,1,1,1,1,1,0,0,20190902,20200901
14390,0,0,0,0,0,1,1,20191005,20200901
15156,1,1,1,1,1,0,0,20191001,20200901
14967,1,1,1,1,1,1,1,20190901,20200901
14703,1,1,1,1,1,0,0,20190304,20200901
15041,0,0,0,0,0,1,1,20190907,20200901
13612,1,1,1,1,1,0,0,20190304,20200901
7730,0,0,0,0,0,1,1,20150905,20200901
11617,1,1,1,1,1,0,0,20180502,20200901
11618,1,1,1,1,1,0,0,20180502,20200901
9253,1,1,1,1,1,0,0,20150901,20200901
13582,0,0,0,0,0,1,1,20190907,20200901
10748,1,1,1,1,1,0,0,20190902,20200901
13517,1,1,1,1,1,0,0,20190902,20200901
13335,0,0,0,0,0,1,1,20150606,20200901
13530,1,1,1,1,1,0,0,20190304,20200901
13788,0,0,0,0,0,1,1,20190302,20200901
13531,1,1,1,1,1,0,0,20190304,20200901
13566,0,0,0,0,0,1,1,20190302,20200901
13532,1,1,1,1,1,0,0,20190902,20200901
13569,0,0,0,0,0,1,1,20190302,20200901
13519,1,1,1,1,1,0,0,20190902,20200901
13337,0,0,0,0,0,1,1,20150606,20200901
13526,1,1,1,1,1,0,0,20190304,20200901
7731,0,0,0,0,0,1,1,20150905,20200901
13528,1,1,1,1,1,0,0,20190304,20200901
13553,0,0,0,0,0,1,1,20190302,20200901
13529,1,1,1,1,1,0,0,20190304,20200901
13554,0,0,0,0,0,1,1,20190302,20200901
13613,1,1,1,1,1,0,0,20190304,20200901
13614,1,1,1,1,1,0,0,20190304,20200901
13623,0,0,0,0,0,1,1,20190302,20200901
14969,1,1,1,1,1,0,0,20170508,20200901
14974,1,1,1,1,1,0,0,20170508,20200901
13615,1,1,1,1,1,0,0,20190304,20200901
13624,0,0,0,0,0,1,1,20190302,20200901
10135,0,0,0,0,0,1,1,20170623,20200901
14975,1,1,1,1,1,0,0,20150901,20200901
10136,0,0,0,0,0,1,1,20170623,20200901
13520,1,1,1,1,1,0,0,20190304,20200901
7523,0,0,0,0,0,1,1,20150808,20200901
15078,0,0,0,0,0,1,1,20190907,20200901
13542,1,1,1,1,1,0,0,20190304,20200901
13521,1,1,1,1,1,0,0,20190304,20200901
13522,0,0,0,0,0,1,1,20190302,20200901
13559,1,1,1,1,1,0,0,20190304,20200901
13558,0,0,0,0,0,1,1,20190302,20200901
11451,0,0,0,0,0,1,1,20180310,20200901
11431,0,0,0,0,0,1,1,20190907,20200901
14972,1,1,1,1,1,0,0,20190902,20200901
11445,0,0,0,0,0,1,1,20180310,20200901
11444,1,1,1,1,1,0,0,20180305,20200901
13568,1,1,1,1,1,0,0,20190304,20200901
15024,1,1,1,1,1,0,0,20190902,20200901
15022,0,0,0,0,0,1,1,20190302,20200901
13989,0,0,0,0,0,1,1,20150704,20200901
13987,1,1,1,1,1,0,0,20150701,20200901
14799,1,1,1,1,1,0,0,20190902,20200901
15018,0,0,0,0,0,1,1,20190302,20200901
15019,1,1,1,1,1,0,0,20181101,20200901
14804,1,1,1,1,1,0,0,20190902,20200901
14720,0,0,0,0,0,1,1,20190901,20200901
14802,1,1,1,1,1,0,0,20190902,20200901
14173,0,0,0,0,0,1,1,20170610,20200901
14174,1,1,1,1,1,0,0,20170605,20200901
13722,0,0,0,0,0,1,1,20190302,20200901
13414,1,1,1,1,1,0,0,20181101,20200901
9706,1,1,1,1,1,0,0,20150810,20200901
9715,0,0,0,0,0,1,1,20150808,20200901
14876,1,1,1,1,1,0,0,20190902,20200901
15190,0,0,0,0,0,1,1,20150704,20200901
13080,1,1,1,1,1,0,0,20190304,20200901
13097,0,0,0,0,0,1,1,20160206,20200901
13112,1,1,1,1,1,0,0,20190304,20200901
13098,0,0,0,0,0,1,1,20190302,20200901
11496,1,1,1,1,1,0,0,20160903,20200901
14660,0,0,0,0,0,1,1,20160901,20200901
14878,1,1,1,1,1,0,0,20190902,20200901
14879,0,0,0,0,0,1,1,20190901,20200901
13084,1,1,1,1,1,0,0,20150905,20200901
13101,0,0,0,0,0,1,1,20150901,20200901
14880,1,1,1,1,1,0,0,20190902,20200901
13102,0,0,0,0,0,1,1,20190302,20200901
14881,1,1,1,1,1,0,0,20190902,20200901
14882,0,0,0,0,0,1,1,20190901,20200901
14556,0,0,0,0,0,1,1,20160601,20200901
14887,1,1,1,1,1,0,0,20160201,20200901
14889,1,1,1,1,1,0,0,20190902,20200901
13105,0,0,0,0,0,1,1,20190302,20200901
14999,1,1,1,1,1,0,0,20190902,20200901
9299,0,0,0,0,0,1,1,20160206,20200901
13090,1,1,1,1,1,0,0,20180305,20200901
11302,0,0,0,0,0,1,1,20180303,20200901
14886,1,1,1,1,1,0,0,20190902,20200901
14555,0,0,0,0,0,1,1,20190302,20200901
14890,1,1,1,1,1,0,0,20190304,20200901
13109,0,0,0,0,0,1,1,20190302,20200901
14888,1,1,1,1,1,0,0,20190902,20200901
13436,0,0,0,0,0,1,1,20190302,20200901
13111,0,0,0,0,0,1,1,20190302,20200901
13631,1,1,1,1,1,0,0,20160701,20200901